00000000000000000000
0                 0
0 0000000  0000000 0
0       0        0 0
0 0000000  0000000 0
0 0        0       0
0 0000000  0000000 0
0       0        0 0
0 0000000  0000000 0
0 0        0       0
0 0000000  0000000 0
0                  0
0 0000000000000000 0
0      0eeee000000 0
0 000000GGGG0      0
0      0eeee000000 0
0 0000000000000000 0
0                  0
0 0000000  0000000 0
0       0        0 0
0 0000000  0000000 0
0 0        0       0
0 0000000  0000000 0
0       0        0 0
0 0000000  0000000 0
0 0        0       0
0 0000000  0000000 0
0 00  000    000   0
0                  0
00000000000000000000
