00000000000000000000
0                 0
0 0 0 0 00000  0 0 0
0 0 0 0 0 0 0  0 0 0
0 0 0 0 0 0 0  0 0 0
0 0 0 0 0   0  0 0 0
0 0 0 0 0 0 0  0 0 0
0 000 0 0 0 0  000 0
0 0              0 0
0   00000000000    0
0 0     0  0    0  0
0 000         000  0
0 0    000000   0  0
0 0000 0eeee0 000  0
0      0eeee0      0
0 0000 0eeee0 000  0
0 0    000000   0  0
0 000         000  0
0 0     0  0    0  0
0 0 00000000000 0  0
0                  0
0 000 0 0 0 0  000 0
0 0 0 0 0 0 0  0 0 0
0 0 0 0 0   0  0 0 0
0 0 0 0 0 0 0  0 0 0
0 0 0 0 0 0 0  0 0 0
0 0 0 0 0   0  0 0 0
0 0 0 0 00000  0 0 0
0                  0
00000000000000000000