00000000000000000000
0                 0
0 0000000  0000000 0
0 0              0 0
0 0000000  0000000 0
0       0  0       0
0 0000000  0000000 0
0 0              0 0
0 0000000  0000000 0
0 0              0 0
0 0000000  0000000 0
0                  0
0 00 0000000000 00 0
0 00 000eeee000 00 0
0      0GGGG0      0
0 00 000eeee000 00 0
0 00 0000000000 00 0
0                  0
0 0000000  0000000 0
0 0              0 0
0 0000000  0000000 0
0 0              0 0
0 0000000  0000000 0
0                  0
0 0000000  0000000 0
0 0              0 0
0 0000000  0000000 0
0 0   000  000   0 0
0                  0
00000000000000000000
