00000000000000000000
0                  0
000000  00000  00000
0       0eee0      0
0 0  0  00000  0 0 0
0 0  0  0   0  0 0 0
0 0  0    0    0 0 0
0 0  0  00000  0 0 0
0 0  0         0 0 0
0    00000000000   0
0 0  0  0  0 0   0 0
0000            0000
0ee0 0 000000 0 0ee0
0000 0 0eeee0 0 0000
0    0 0eeee0 0    0
0000 0 0eeee0 0 0000
0ee0 0 000000 0 0ee0
0000            0000
0 0  0  0  0 0   0 0
0    00000000000   0
0 0  0    0    0 0 0
0 0  0    0    0 0 0
0 0  0  00000  0 0 0
0 0  0    0    0 0 0
0 0  0  0   0  0 0 0
0 0  0  00000  0 0 0
0       0eee0      0
000000  00000  00000
0                  0
00000000000000000000